date	bern	george	mort	seona	simon	tom
20140930		149	116	94			
20140930		103	132	124			
20140930		111	94	103			
20141007		129	78	99			
20141007		126	99	89			
20141007		106	127	115			
20141014		115	116	124		97	
20141014		129	102	88		110	
20141014		111	95	151		88	
20141021		102	100				
20141021		123	116				
20141021		113	107				
20141028		134	133	138		119	
20141028		100	83	106		93	
20141028		146	99	98		71	
20141104		123	107	113			
20141104		115	104	112			
20141104		122	98	88			
20141111		159	89				
20141111		74	80				
20141111		125	98				
20141118		100	83	107			
20141118		144	96	101			
20141118		120	136	110			
20141202			125				
20141202			107				
20141202			132				
20141216		84	112	73	103		
20141216		134	67	116	109		
20141216		131	91	86	93		
20150106	82	114	81	90	89		
20150106	117	108	116	95	75		
20150106	103	118	96	103	79		
20150113		88	117	97	77		
20150113		82	125	93	84		
20150113		92	133	100	81		
20150127	49	80	111		42		
20150127	125	87	74		65		
20150127	75	115	92		114		
20150127	65	85	61		42		
20150127	54	115	52		47		
20150210	72	109	94			70	
20150210	97	86	86			99	
20150210	109	106	98			83	
20150224	135	108	116		95		
20150224	105	107	71		70		
20150224	124	115	95		95		
20150303		106	113		56	60	
20150303		119	88		114	92	
20150303		138	121		73	64	
20150310	121	125			109		
20150310	110	78			127		
20150310	98	93			58		
20150317	145	73	88				
20150317	102	55	120				
20150317	115	57	109				
20150324		92		82	70		
20150324		83		98	90		
20150324		131		82	126		
20150331	112	103		110	81	96	
20150331	125	118		69	65	87	
20150331	113	137		86	121	99	
20150407		106	104				
20150407		106	71				
20150407		90	120				
20150414		87	106		108	116	
20150414		126	107		102	121	
20150414		95	145		77	92	
20150421		91	96		118		
20150421		105	159		133		
20150421		96	91		110		
20150421		91	101		96		
20150421		88	103		89		
20150428	124	116	134				
20150428	180	133	112				
20150428	141	155	128				
20150512	89	106	121		111	111	
20150512	112	116	108		116	111	
20150512	114	123	145		105	102	
20150519	88	153	129	83	98	101	
20150519	113	101	102	108	118	115	
20150519	108	141	99	94	89	115	
20150526	101	125	110		104		
20150526	108	114	150		91		
20150526	104	92	93		108		
20150602	104	109			94		
20150602	121	145			154		
20150602	106	95			64		
20150609		96	89	96	103		
20150609		123	166	112	91		
20150609		111	98	93	123		
20150616	79	120	101		101	93	
20150616	124	122	96		111	112	
20150616	90	102	106		114	106	
20150623		147	118		70		
20150623		149	96		90		
20150623		122	125		115		
20150707	83	113	117	82	110	96	
20150707	125	128	129	106	130	126	
20150707	125	102	98	111	116	105	
20150715		116	116	144			
20150715		122	129	85			
20150721	133	123	123		83	103	
20150721	84	84	105		91	86	
20150721	108	103	115		56	129	
20150728		128		100			
20150728		117		137			
20150728		102		136			
20150804		141	130				
20150804		165	78				
20150804		106	79				
20150811			131		121	86	
20150811			100		94	92	
20150811			78		96	88	
20150825		149	138			86	
20150825		114	96			100	
20150825		107	107			105	
20150908	107	110	108	101		51	
20150908	103	158	94	92		105	
20150908	115	119	92	78		100	
20150915	98	98	97		86		
20150915	113	132	86		139		
20150915	116	169	132		119		
20150922	87	117	83	82			
20150922	83	107	114	90			
20150922	97	152	100	103			
20150929	112	110	137			59	
20150929	91	135	95			93	
20150929	136	114	136			89	
20151006	106	160	118			83	
20151006	82	143	102			84	
20151006	74	97	109			76	
20151013		118	114				
20151013		132	106				
20151013		162	92				
20151020		184					
20151020		157					
20151020		122					
20151110		115	101			98	
20151110		133	152			78	
20151110		82	93			92	
20151117		141					
20151117		130					
20151117		103					
20151201		136	156			108	
20151201		100	86			95	
20151201		102	82			89	
20151208		165	98		98	108	
20151208		89	127		141	99	
20151208		113	131		48	112	
20151222				70			
20151222				94			
20151229	109	124	74				
20151229	87	154	102				
20151229	87	105	87				
20160119			129			103	
20160119			120			126	
20160119			136			110	
20160202		136	98				
20160202		119	110				
20160202		129	115				
20160221	113	121	135			101	
20160221	122	86	113			100	
20160221	137	135	116			82	
20160223		112	87				
20160223		112	115				
20160223		176	121				
20160301	96	112	82				
20160301	99	130	105				
20160301	80	143	117				
20160308	104	127	151			110	
20160308	104	163	101			89	
20160308	118	155	100			110	
20160315	106	93	123			109	
20160315	131	121	139			113	
20160315	100	118	95			92	
20160322		168	136				
20160322		115	82				
20160322		142	111				
20160405		146	139			88	
20160405		102	156			117	
20160405		123	127			109	
20160621		143	143			116	
20161003	138	94	136			134	
20161003	127	139	99			115	
20161003	131	113	112			125	
20161010	114	123					
20161010	122	98					
20161010	121	131					
20161024	117	107	83			100	
20161024	120	105	91			103	
20161024	134	140	100			98	
20161031	114	127	85			111	
20161031	102	140	106			89	
20161031	91	155	67			125	
20161106	116	135	105			122	
20161106	99	121	66			112	
20161106	110	80	61				
20161114	108	124					
20161114	100	157					
20161114	128	139					
20161121	99	112				111	
20161121	100	117				114	
20161121	110	124				90	
20161128	94	171	121			92	
20161128	92	100	103			78	
20161128	86	77	86			120	
20161205		120					
20161205		128					
20161205		121					
20161212	119	81					
20161212	159	88					
20161212	148	117					
20161212	116	162					
20161219	103	104				119	
20161219	99	119				149	
20161219	165	99				76	
20170102	106	142					
20170102	105	144					
20170102	110	128					
20170109	123	142	94			112	
20170109	100	125	148			86	
20170109	119	122	75			155	
20170116	124	120				113	
20170116	65	105				102	
20170116	91	91				132	
20170123	114	120					
20170123	112	132					
20170123	107	94					
20170129	88	112	91			93	
20170129	89	139	111			112	
20170129	120	61	24			108	
20170220	93	134	87			145	
20170220	87	116	110			132	
20170220	116	201	128			100	
20170227	109	154				113	
20170227	108	123				104	
20170227	108	95				107	
20170312	129	105	111			95	
20170312	109	116	100			107	
20170312	79	139	67			117	
20170317	134						
20170317	114						
20170317	65						
20170327		124	129			100	
20170327		145	135			109	
20170327		67	103			82	
20170403		140				102	
20170403		115				126	
20170403		119				115	
20170410	94	132				152	
20170410	118	123				116	
20170419	117	134	107				
20170419	125	106	119				
20170508	105	92	133				
20170508	122	87	94				
20170515	134	179				110	
20170515	130	105				141	
20170515	126	90				124	
20170529	132	92	102			98	
20170529	96	157	109			102	
20170529	82	172	68			120	
20170605		118				109	
20170605		126				109	
20170605		141				102	
20170612	113	172	114				
20170612	147	131	111				
20170612	124	98	102				
20170621		109	102			91	
20170621		112	91			78	
20170626		149				141	
20170626		91				101	
20170626		138				123	
20170703	123	98	140			115	
20170703	93	159	103			103	
20170703	158	124	66			110	
20170710		115				136	
20170710		124				115	
20170710		202				106	
20170717		120	104			142	
20170717		116	122			130	
20170717		89	64			86	
20170724	151	148					
20170724	96	81					
20170724	87	112					
20170731	105	122				96	
20170731	109	193				97	
20170731	144	81				170	
20170814	91	96					
20170814	110	142					
20170814	117	135					
20170814	96	82					
20170821	129	117				97	
20170821	90	123				121	
20170821	116	158				104	
20170828	96	163				81	
20170828	96	92				108	
20170828	123	100				181	
20170904		119	101			138	
20170904		111	47			95	
20170904		113	104			112	
20171002	117		121			109	
20171002	81		116			129	
20171002	130		129			133	
